
123
456
780


123
450
786


120
453
786


102
453
786


152
403
786


152
043
786


152
743
086


152
743
806


152
703
846


152
730
846


152
736
840


152
736
804


152
706
834


152
076
834


052
176
834


502
176
834


520
176
834


526
170
834


526
107
834


526
017
834


526
817
034


526
817
304


526
807
314


506
827
314


056
827
314


856
027
314


856
207
314


806
257
314


860
257
314


867
250
314


867
254
310

Number of Nodes:42810
