Number of Nodes:2

123
456
780

Number of Nodes:5

123
456
780


123
450
786


123
405
786


123
485
706


123
485
076


123
085
476


123
805
476


103
825
476


013
825
476


813
025
476


813
425
076


813
425
706


813
425
760


813
420
765

Number of Nodes:232

123
456
780


123
450
786


123
405
786


123
485
706


123
485
076


123
085
476


123
805
476


103
825
476


013
825
476


813
025
476


813
425
076


813
425
706


813
425
760


813
420
765


813
402
765

Number of Nodes:436

123
456
780


123
450
786


123
405
786


123
485
706


123
485
076


123
085
476


123
805
476


103
825
476


013
825
476


813
025
476


813
425
076


813
425
706


813
425
760


813
420
765


813
402
765


803
412
765

Number of Nodes:573

123
456
780


123
450
786


123
405
786


123
485
706


123
485
076


123
085
476


123
805
476


103
825
476


013
825
476


813
025
476


813
425
076


813
425
706


813
425
760


813
420
765


813
402
765


803
412
765


083
412
765

Number of Nodes:1030

123
456
780


123
450
786


123
405
786


123
485
706


123
485
076


123
085
476


123
805
476


103
825
476


013
825
476


813
025
476


813
425
076


813
425
706


813
425
760


813
420
765


813
402
765


803
412
765


083
412
765


483
012
765

Number of Nodes:803

123
456
780


123
450
786


123
405
786


123
485
706


123
485
076


123
085
476


123
805
476


103
825
476


013
825
476


813
025
476


813
425
076


813
425
706


813
425
760


813
420
765


813
402
765


803
412
765


083
412
765


483
012
765


483
712
065

Number of Nodes:1593

123
456
780


123
450
786


123
405
786


123
485
706


123
485
076


123
085
476


123
805
476


103
825
476


013
825
476


813
025
476


813
425
076


813
425
706


813
425
760


813
420
765


813
402
765


803
412
765


083
412
765


483
012
765


483
712
065


483
712
605

Number of Nodes:1841

123
456
780


123
456
708


123
406
758


123
460
758


123
468
750


123
468
705


123
408
765


103
428
765


130
428
765


138
420
765


138
402
765


108
432
765


018
432
765


418
032
765


418
732
065


418
732
605


418
732
650


418
730
652


418
703
652


408
713
652


480
713
652

Number of Nodes:2088
